Error values

213.771175361
1124174.59681
197.783004807
332.014794482
253.393373969
35124214.6568
31.3432248838
67423.5617574
715378.320641
25.2788214223

Predicted Values

1.151245670381774744e+02
4.972794708046490086e+01
1.766788922791118921e+02
2.652729974973889284e+02
4.639878836084851628e+02
6.500240185831987674e+02

4.357893468596702746e+01
4.100474516942469450e+01
3.855026012853955564e+01
3.631279601775884203e+01
3.528474197104994659e+01
3.225912922678377015e+01

-6.146798214366219472e+05
6.840926932401489466e+04
-5.031251459812056273e+05
-4.129580801831651479e+05
3.331211736386753619e+06
1.805309373788591474e+06

5.090300364566696771e+02
6.233536230952231563e+02
7.050887109432078432e+02
6.280699720839202200e+02
6.462184017672070695e+02
6.533463718341545245e+02


1.375946885820590069e+03
5.620202686150132649e+02
2.219538658795650008e+02
3.423095514531237313e+02
1.347790764741116618e+02
8.602589907769470301e+01


4.917637293952516302e+02
5.428363594840529913e+02
3.977175688803326921e+02
-3.087053669488095693e+02
4.486159354932487986e+02
2.637389153866311062e+02


-1.855126599162758794e+03
-1.088553934321524575e+07
-6.617468679101457447e+07
-5.643991736469816417e+07
-4.233358096384824067e+07
-3.470513335126802325e+07

8.661620531284060576e+01
6.931101228346389576e+01
6.058113017252229326e+01
5.163934303128398540e+01
5.421954663720806167e+01
6.896860964926828785e+01


5.764717560357882030e+04
4.725027036176125694e+04
5.869212621889568982e+04
7.225996181432639423e+04
1.014482747885134886e+05


-9.076291507707433775e+05
-9.365228600810477510e+05
-7.908946310429832665e+05
-7.506490039800897939e+05
-1.019640057427226566e+03
-8.959726379115406889e+05
